3011101108. 111111οΗ86. 127

m-mfflmnimnn Pul. 131,1381·.088181881,1.12,811.33.13. 8811 ·
8888888, 8188881188 88 8811188 81 1181888188, 0811181818.Ρ888888 ,0881118888 5,21 08111188,
8118118811811118181181111811111111111118881.111.) [1118]

8881181 11888118 18 1111 8881818188881888 81188- EUTRO‘ PIUS (3111888181), 8 88811888 18118

Ι inq 8888 188 uk 18 811 88111 timu, 88111 by 11888 py'robnbl 111 188 fourth century 81181 088111,

81818111 montinneio 1818 88 188 8881313, 88 88 ιι 1818118888 818118 81118 Antonin· by 1181·
118181 181 8181881ὀ1111181888, 18181818ηοὶ 881181 3818111881(81Ρν88’81.)88 888888888888
1111188181 exind 1111881 18188 18188111888181818181881118818888888888, nominandi
88881111 188 bank· 88 {bey 8188811818 11818188 88188818818818 88118888818888811888811188
1818111. 2, 181 18111888 88 1818118111 81881188 longer 11118111. [W. A. 0.]
Dum 888 1118818 ,3. 1118181188 8811818118 3011οΗ113(318·1χ81). 1. An 18818818 81
1,18,.1111,1ις81888 88118 811 188 81818 1111118111 1188 81111111ἰῖ ΔΙΟΣΚΜΡΙΔΟΤ 81138103.
888881811518881818 ,81188818 (1188811,Ρ,11, 188131111188118118, 8811188111.
81 188 18811188 denominatim 1118 388188 1,2.)
1888118881 188881818188881881181881 18818888 801ΡΒὶ18881881881818818118181888888 8
1181181 8111111888811811181188188888618811888188, 3110131, (Wincklmnn, (11881, 11 lma, bx.
ihm mffln'nhni· unffi, baindiinbofbffi e· 11111 ’1111111113 88 3011011106, 8111181818 81
1531188188118888881811188818111888811188181 Ρ1188188, 1888111 18118 8881118811811811818 111Ρο88·
1118181811), 8811 818111 881 esanburnam umtinupln, 8118 188818 8 11181118 18 188 888111, Do
181 bybyibuginn. 18 18818118881818881818 8188888818ωή888181888888181111, 1888188818
Sabin-sim 111881181118881533881118888 hispanicum 1818 8881 8111811181 8881181188
18111811881188851818181118811811118388, 8 0888818188, 1811188118, 1581 81 18118
1532). 111181188811 included 18 188“ 08881818
01 111818888811818 1111118118 818188 888888- 11888 11811881 Amnem 8111188081 1181888188,
Μ’ 811181 ’.1188 elon 81 188 1618 8881818181 118888, 118. 1605 8881888818188811118 88118818
88888811188111818811188188,08811388111131818888 8811181 aid 8811181118 188111 by Lindemann
81118881ι8, 8111 8 8818888 8811881188 81 88111- (11888880ηωί81 118,51)1181118Μ3.8881
11818881123181088881,0811818. 81 Vienna, 881 formerly in 181 1881188118] 81
188 1152 1163·1118·8188,81118181811118881 11811818. 1111118888188818181111181111181188888
181881188118158111621118 1133181188188188, natm
188818888818188818881 18888188188811881 sone 88811181 11881 1111881 81 1181 8811181, De
111181ω1ι,1ς1181181111 8888811181118888818· mmm 188818888811183181818 11181
my ohannins, 388. 1118811388111188818 01888888808011188888118, [W. R]
1118881818 1811118811 81901818, 11811. 1188. 3011οΗ11813111χ1118881ι88181888 abbat
11131088881318111881325. 08 188 88818,81081181881188818,1811185 8181888, 8188888818
118 81881 888181 181 1118 8188181 888 18888 8118888118888881818188118818118888811188811188·
rafim 188 Gru-e. 8811181). Nestorius 1118188 maintained 1881111181
&emm 18188 1818118118 1111801881, 088 818 18 081111 1818 8111188881 1888818818 (8888811-
11111ι1 Μαι-818888 088118 Lycius 881818 8111), 8118 818181 (181 ,11181111 8111 888118
118 ammuh, 888 881188881 1881 byn (18818),88188118881888818881,8888811111881
m Pania 81111 exim, 1181 88811 frequently by 881888, 8111 by 81111 888 81181188 1-118181818
Μή 11 8888181818181 18111888 81 1881888888888111881818181811118181818818
iiam, 118881Ε8888811188 k 818118 188118· 881811 8811808118 188888881888881818, 1881
hiim 818 18 88 188118 11118 English, 1881188, 81 188 1118118818 Word. ’188 888181811811“188
lah, 8880188888881811818811188188 8888818888883188181811188888181881811818·
m 1181188, 8111811181 118 88 18811 88111811 881811 8888111111,
ln ssimtinn. 1118 8188888818 81088118, 11181 1118 own 8811118 1881 8818888818. me
311181, 1311 81111 131318888131888881111888, 181111181188181118111118888181181 8 nenium
1113, 1315, 8118 18231 8181188, vinnan 88 body, 8818888881 088, 118888818888881
ἰήνῃ 118, ,11111811 18351 188 8888118111 818 18811811 doctrinm? 888888 18111 1881881 88818·
mm 81 mm 88181811 18 1811 88111881 88811881, 888188181881811818818118,“11888 11818818
ὼμώασΝώᾳῌιιάὼ 81888818881088881, 8881188811 188 888811881 88118818 81 881 881181 18
1888888881188, 1818818888881188,811118881818 188 donini 18111
(381888, 8, 88. 31188881, 388188113888818, 8νι 8888811188 Ρ11881118818888 18881188 811188
1881811.88·,1111818181118,11,1118. 088- 888181881811111111 111818 ιι 118188’ 18
αι’-1881881838, 1(8818811.811111181111188 811881888881811181811118881888811118888888188
tuph 08811188 0818888188, 68188, 1110118.Ι 18818888118888881888881111881 181188181888,
Q 88.18881,88.1181811 ,18818- nnymontbnn mnnyotber 18888811 81 11881, 818
hh, 1181111888μή 111, Julian. 888811 1118881181, 811111· 81111118 8118818188 18 18811 8188118111 88888-
01881. &flaminium-p. MMny. 1188811111 181 888888188888 1818818818188-
11818888111818188 888 11818118811818 8881818888188181818811 1818 81181818811111188
ncmnofflmammn 8136 88. 88818111 uym'pnthywith 11, 11888811888888881188-
mn 38818, mn. 8181188811888818111881118810118881111 1881188·
nd 111 1111118118.11111.1.118,111181181 111818 81 1111188188 818 been 111881 loudly 8811
1181111188. 18111.1811.81113,181181818, 81888888888111888 188 8811181811 0181888888
dssiv. 131, nd 131114 0888, Num 8811818118 8181881 888 888818881888. Eutychen

 

