1188108118. HESPERIDES. 118

81188111 811 11888 888811 18881 lohere 1888 1181181111 8111888118181811118811881. ’1181818118
only portione 81 118 88888. (Athen. 11. 8191 81118 Neo 11818811 Ρ1881111 (118881 only in 811
Ρ181 8881888. 1111. 81 Perre. ix. 81. 8 81 88181 81118888 18118), 81 1888888 ’1181188, 888 1188818·
od Hee. 11888111188818. C. 01.1188181,11888· 8188, 88 118 Ἔργα, 888 1888888888 on 118
Ηηὲαἰι w 888 umen. Worrne, 1787, 8181 11881 Η81188, 818 81111 8118811 118 8818118 88 118
1. 88111811881811, Uele· 888 solito 888 Heroden Theogonyore e compilation 11818 8811181 88818181
noel Heriod, 08118, 1708, 818111. 1181188811, 888888181818 Τ18 18881 8818 18 editiones 818
Opone. ri. 1, 8101, 1881 1181818818181, De 0818- 8818118 88 1181188 11 1181 ln 8 11118 volume 81
layo 81 81818 &miella Η81188818118111181. 1888, (1811181811 Ρ88188 1118881· Minores.
818, 888 118 18818 81111811 Hesiodi, 8881811 81- 118 Greek text 81 118118818818 888188 1888 1181
mellonis, 88, Fron-ento 881788. mnd- 811888, 8118188 81111188 18 1198, 181, 18881181 with 188·
111881810888.) 818188 888 romeos 1181881881 1188811181. Τ18
1. Α1118181, en 8818 88818, 8881181188 81 8818181 next 8811188 18 1181 18 118 8811881188 81 8881818 888
18811 81 1188188188 88 118 8181] 81 1881811111, 118 bonolio 888181 11118188 by Aldu· 1188111188, Ve-
1118888 8888811811818 8111811811888, 888118818- 871881198. 8111188881818 8811188 11 1181 81
111881 1111818 81 118 Dorieon in 88118181. Some 81 111818, 11818888,1818,188888181810,818. 118
118 88818811 8111118188 1118 88881 18 0818881 81 1181 8811188118188818188118018818818118111181
Miletum (Apollod. 11. 1, 5 81 11188. 18811 1118.) 81111888181118, 1788188, 1887, 118.,8118 81818 8818-
Τ18 1188188811 81 118 1881811118 818 881188188 18 81818 81 881881181811, 818, 888118811111, 1891,
(1811111181881181 1188188, 8108, ho 888. Τ18 81811 1818811881 among 118 1818888881
8. 1181888118, 811 8818888111, 8888181188 81 81 editione 818 thone 81 Deo. 1181881118 (1811818181,
18881 11188 18818 88188 81 118 88818818 888188 1881818, 11111 lectione· 1181188888, 888 88181 hy
11811118 eree 88 118818818 88881. (11811811. 81. 8 81811881 888 88181881 118188 188118188 1811881818
1.) 11 contained 118 8181188 8118111 118 8881118- 181701, 818),81Τ1.118118888 011818,1787,118,
1818888, 888 1188 1188 81 8 81811181 818188181 18 118 188118188 81 Leipzig 1718, 818. 81 8181888181
888118 which celebrated 118 81818 81 118 181818 (lael 18,1778,818.,88818188 1181118 8188ω88
familie· 81 1186188118. Some 11111818 88811881 118 1811118 8888811188, 1181 with eone new re·
Melenrpodie 18 1818 1888 only 8 8811188 81 118 11181118),81Τ1.(18111818(18181181118Ρ881. Gr.
18888, 181 11818 1888 81188118818111888 811818 8118.. where 88818 new MSS. 8188818188), 88881
188818 1188 1888111181 wilh 118 188 werd, 88 8.(181111881681188881111811,1881,818.,188811.
1188181118 11811 mentioned by Pannoniae. (18.1 18188118888811118818888181888181888188).118
8881811188. 118. 17, 11. 8198, 8111880111 ’18188818 881188 8188 1811181181 18 11818888
clem. Alex. 811811. 118. 781.) Τ18 1188818818 (18818181 88881181 8818818881 118 ’11888888 888
81 118 1181888818 818 8811818188 18 (1881881881 881188 8888181818 hy 1. 11. Wolf (Η8118, 1788),
81 1188188, 8. 118, &e 8881811188 11881188(.18111818818, loeo, 018,
0. 'imolen 111 semo 11 1888118888 88 811 witherery 8881111 8818888187). 11818 118 eleo
11888818 work by 1888118188, 888 881188111188 by 1118 good 88111888 81 118Ἄπ 1, 118 888 by C. Fr.
11111 11818 888118188111188 188 1881118111 181 11 18 Heinrich (8188188, 1801, 818, with 181188181188,
not 1881818118 1181 both were 18888881 with, 81 1818111, 888 8888881818), 888 by C. 1. 1188118
’ ne 81, 811 8111888181881 work neorihed 18 (118881181818,1810,818.). [με]
88188, 1111881 11811118 81 118181811181818881 88- 11881οΝ11(“1181888),8888811818118888888,
88818118. (111188. xl. 8 1911 1181881811. 01118 888 coneeqoenlly 8 818181 81 111818. When Troy
101 Plin- Η. N. 11111. 18.) See 118 1188188818 18 8881181188 by 8 818888 8118 8 18888181 on 8888881
(18111188“88811811181188,8.107. 81 1888188881 118881 81 81818188, 1188188888, 18
7. Χ1188881 norro 888818 18 1818 1888 811 81881 18 881 118 81 11818 888118188881118
181181188 81 118 Ἔργα. Τ18 1811 1188188818 81111 8188818 8 1881, 18 8888188888 with the 8818188118 81
8188181888 hy 1181111118, Le. 8. 18118. 88 818818, where ohe vm 18 18 88188188 by wlld
811818 (1118.188)188811811ῄ811«ρ18181 88 188818. 11818888, on 1181811118 11881 118 8188-
118 8811 81 1188188, 18111818 81181181 8818888 (111 8111811 8881881118811188888, 81881888 18 1818 181,
P 181) 118188 11811888888 8 8818811888 18888 11 laomedon werrld ’18 1118 118 181181 whioh he
yErnroerhenee 11881 11888118 81 1188188. ,118- 188 18881188 horn 8 888 8888888888 181
lm: lfflhhlll'ffifflll 11 llll. halllmllllllt‘hllhl
1881, ,1818881 8. 1186. 11. 11 1 1881188. iil 11 57.) 11881888 111881181-
118 888181 81 1188188, 8888818118 118 11888888, ’118181 81188 88811818 1818188188, by whom 818
1181818818811818 118 Greek· honroery eerly 1888188 118 mother 8118811188. Ρ1188188111Α8-
888881818888 81118 18 11881881881 888 811· 188818811811818118881181818181881188811
18888118818181181888881111888818188188811881818 81 1181118818 18 mentioned 88 one 81 118 8811888
881881 8118818188, by 1811888 188888 81 1111818181 81 118118188 1181. (118188Ρ1188. 1, 818) 18818-
81188, 18 11188 818818 hnnnony 18111888 11881818 18818 1881188 (od Lyeopl. 187), 11881888, 8118888
1118818 81 1188188 888 their 8118 11881188. Τ18 in prognenoy 18181818881188 11818118 8118 18
88181818 81 ,1188888118 888 811818111881118181 11118188, 1118181188 Arion 188118 181888 181
8888881118, Ατ1818818888,11111818188, 018188 81 moly-bom 888,’11811118188,111881181181181188
1181188 Apollonion 11188111, 88188811 811118188- 88111888 81118.
8118, 11818181, 8118 811818, 8818188 1188881188 1181888188 81181 1118111881 8818888881811118
11111 818811881 18 meroem-no explemtlon 81 neme, 888888881181 81 1188888888181881118
118 poene 81 1188188 1 181 811 11811 118118 811 1118 188118181 0181888888(88181. 811 1881188. 111881.
8881818 1811, with 118 8188811811 81 nome 11818188 1812, 888 11881181 818 wile 81 11818188, 888 118
mark· 8188181888 18 118 8818118 8111188188 81111 818 81 81 1818818888, 011, 8118 118881188888.
811881. Τ18· 8818118 818 11881888811888 818 (1881188111. lh.) (11.8]
811181 henr 888, though 11811 81111818 111888 1118 81 11881881111811188118111. 18188118 81188

 

